2979.100000 4702.200000
1573.559375 2409.768750
926.842500 1375.259375
8202.900000 859.083750
5622.587500 574.428750
4088.793750 404.501250
3080.787500 294.861250
2383.706250 221.558125
1873.687500 169.435000
1493.834375 132.518750
1209.837500 105.483125
991.111250 85.024156
826.415000 69.872500
693.136875 57.800875
591.290625 48.706656
504.071250 41.023000
435.391562 35.060500
381.618750 30.371875
333.547812 26.210469
292.366250 22.685938
261.091250 20.064687
232.077500 17.666187
207.140000 15.646250
186.336875 14.012625
166.340000 12.459000
150.800938 11.268469
136.338125 10.161137
124.308125 9.251338
112.405406 8.351950
103.661094 7.701650
94.292188 7.004900
86.699500 6.450788
79.827375 5.951141
73.106062 5.464772
67.927312 5.092209
62.317000 4.688600
58.088125 4.387550
53.859250 4.086500
49.888875 3.804613
46.723281 3.581347
43.557688 3.358081
40.655375 3.154206
38.304125 2.990019
35.717750 2.809413
33.539125 2.657700
31.619438 2.524700
29.699750 2.391700
28.007031 2.274525
26.437344 2.166775
25.024625 2.069800
23.611906 1.972825
22.371313 1.888056
21.345062 1.818131
20.190531 1.739466
19.164281 1.669541
18.196750 1.604000
17.357500 1.547200
16.518250 1.490400
15.679000 1.433600
15.078531 1.393197
14.392281 1.347022
13.791812 1.306619
13.105562 1.260444
12.583063 1.225416
12.091750 1.192538
11.600438 1.159659
11.109125 1.126781
10.630575 1.094765
10.286025 1.071757
9.884050 1.044914
9.482075 1.018072
9.137525 0.995063
8.756325 0.969624
8.474100 0.950827
8.191875 0.932031
7.909650 0.913234
7.627425 0.894437
7.345200 0.875640
7.114088 0.860231
6.882975 0.844823
6.690381 0.831982
6.459269 0.816573
6.228156 0.801164
6.017894 0.787127
5.860050 0.776573
5.702206 0.766018
5.512794 0.753352
5.354950 0.742798
5.197106 0.732243
5.024756 0.720685
4.895350 0.711978
4.765944 0.703270
4.636538 0.694562
4.507131 0.685854
4.377725 0.677146
4.252572 0.668722
4.166059 0.662891
4.057919 0.655602
3.949778 0.648313
3.841638 0.641024
3.755125 0.635193
3.646984 0.627903
3.546538 0.621102
3.475413 0.616246
3.404287 0.611389
3.315381 0.605319
3.244256 0.600463
3.155350 0.594392
3.084225 0.589536
3.013100 0.584680
2.954988 0.580624
2.882347 0.575553
2.824234 0.571497
2.766122 0.567441
2.708009 0.563385
2.649897 0.559328
2.591784 0.555272
2.536238 0.551378
2.488388 0.547972
2.440537 0.544566
2.392688 0.541160
2.344837 0.537753
2.308950 0.535199
2.261100 0.531793
2.213250 0.528386
2.165400 0.524980
2.125987 0.522090
2.096428 0.519923
2.057016 0.517033
2.027456 0.514865
1.988044 0.511975
1.948631 0.509085
1.919072 0.506917
1.879659 0.504028
1.850100 0.501860
1.817925 0.499385
1.793794 0.497529
1.769663 0.495672
1.737488 0.493197
1.713356 0.491341
1.681181 0.488866
1.657050 0.487010
1.632919 0.485154
1.600744 0.482679
1.579550 0.480991
1.559825 0.479387
1.540100 0.477783
1.520375 0.476178
1.494075 0.474040
1.474350 0.472436
1.454625 0.470832
1.434900 0.469227
1.415175 0.467623
1.395450 0.466019
1.376919 0.464482
1.360775 0.463077
1.344631 0.461673
1.328488 0.460269
1.312344 0.458864
1.296200 0.457460
1.280056 0.456056
1.263913 0.454651
1.247769 0.453247
1.231625 0.451842
1.215481 0.450438
1.201269 0.449143
1.192438 0.448316
1.179191 0.447076
1.165944 0.445836
1.152697 0.444595
1.143866 0.443768
1.130619 0.442528
1.117372 0.441288
1.104125 0.440048
1.090878 0.438807
1.082047 0.437980
1.068800 0.436740
1.057907 0.435626
1.050645 0.434884
1.039753 0.433770
1.032491 0.433028
1.021598 0.431914
1.014336 0.431171
1.003443 0.430057
0.992550 0.428944
0.985288 0.428201
0.974396 0.427088
0.967134 0.426345
0.956241 0.425231
0.949616 0.424523
0.940634 0.423513
0.934646 0.422839
0.925663 0.421828
0.919675 0.421154
0.910693 0.420144
0.904705 0.419470
0.898717 0.418796
0.889735 0.417786
0.883747 0.417112
0.874764 0.416101
0.868776 0.415428
0.862788 0.414754
0.854325 0.413770
0.849375 0.413150
0.844425 0.412530
0.837000 0.411600
0.832050 0.410980
0.827100 0.410360
0.822150 0.409740
0.814725 0.408810
0.809775 0.408190
0.804825 0.407570
0.799875 0.406950
0.792450 0.406020
0.787500 0.405400
0.782550 0.404780
0.777600 0.404160
0.773491 0.403582
0.767328 0.402715
0.763219 0.402137
0.759111 0.401558
0.755002 0.400980
0.750893 0.400402
0.746784 0.399824
0.742676 0.399246
0.738567 0.398668
0.734458 0.398090
0.728295 0.397222
0.724186 0.396644
0.720078 0.396066
0.715969 0.395488
0.711860 0.394910
0.708435 0.394369
0.705010 0.393829
0.701585 0.393288
0.698160 0.392747
0.694735 0.392207
0.691310 0.391666
0.687885 0.391126
0.684460 0.390585
0.681035 0.390044
0.677610 0.389504
0.674185 0.388963
0.670760 0.388423
0.667335 0.387882
0.663910 0.387341
0.660485 0.386801
0.657060 0.386260
0.654192 0.385744
0.652759 0.385487
0.649891 0.384971
0.647024 0.384455
0.644156 0.383940
0.641289 0.383424
0.638421 0.382908
0.636988 0.382651
0.634120 0.382135
0.631252 0.381619
0.628385 0.381104
0.625517 0.380588
0.622650 0.380073
0.619782 0.379557
0.618349 0.379299
0.615481 0.378783
0.612614 0.378268
0.609972 0.377763
0.607556 0.377268
0.606348 0.377021
0.603931 0.376527
0.601515 0.376032
0.599099 0.375538
0.597891 0.375291
0.595474 0.374797
0.593058 0.374302
0.591850 0.374055
0.589434 0.373561
0.587017 0.373066
0.584601 0.372572
0.583393 0.372325
0.580977 0.371830
0.578561 0.371336
0.576144 0.370842
0.574936 0.370594
0.572520 0.370100
0.570471 0.369624
0.569447 0.369386
0.567398 0.368909
0.566374 0.368671
0.564325 0.368195
0.562276 0.367719
0.561252 0.367481
0.559203 0.367004
0.557154 0.366528
0.556130 0.366290
0.554081 0.365814
0.553057 0.365576
0.551008 0.365099
0.548959 0.364623
0.547935 0.364385
0.545886 0.363909
0.543837 0.363433
0.542813 0.363194
0.540764 0.362718
0.539740 0.362480
0.537990 0.362017
0.537115 0.361785
0.535365 0.361322
0.534490 0.361091
0.532740 0.360627
0.531865 0.360396
0.530115 0.359933
0.529240 0.359701
0.527490 0.359238
0.526615 0.359007
0.524865 0.358543
0.523990 0.358312
0.522240 0.357849
0.520490 0.357386
0.519615 0.357154
0.517865 0.356691
0.516990 0.356459
0.515240 0.355996
0.514365 0.355765
0.512615 0.355302
0.511740 0.355070
0.510987 0.354843
0.509480 0.354389
0.508726 0.354162
0.507219 0.353709
0.506466 0.353482
0.504959 0.353028
0.504206 0.352801
0.503452 0.352574
0.501945 0.352121
0.501192 0.351894
0.499685 0.351440
0.498932 0.351213
0.498178 0.350986
0.496671 0.350532
0.495918 0.350306
0.494411 0.349852
0.493657 0.349625
0.492151 0.349171
0.491397 0.348944
0.490644 0.348718
0.489137 0.348264
0.488383 0.348037
0.486974 0.347588
0.486319 0.347367
0.485663 0.347145
0.484352 0.346702
0.483696 0.346481
0.483041 0.346259
0.481729 0.345816
0.481074 0.345594
0.480418 0.345373
0.479107 0.344930
0.478451 0.344708
0.477796 0.344487
0.477140 0.344265
0.475829 0.343822
0.475173 0.343600
0.474518 0.343379
0.473206 0.342936
0.472551 0.342714
0.471895 0.342493
0.470584 0.342049
0.469928 0.341828
0.469272 0.341606
0.467961 0.341163
0.467306 0.340942
0.466650 0.340720
0.465496 0.340282
0.464919 0.340063
0.464342 0.339844
0.463766 0.339625
0.462612 0.339187
0.462035 0.338968
0.461458 0.338748
0.460881 0.338529
0.460304 0.338310
0.459151 0.337872
0.458574 0.337653
0.457997 0.337434
0.457420 0.337215
0.456266 0.336777
0.455689 0.336558
0.455113 0.336339
0.454536 0.336120
0.453382 0.335682
0.452805 0.335463
0.452228 0.335243
0.451651 0.335024
0.450498 0.334586
0.449921 0.334367
0.449344 0.334148
0.448767 0.333929
0.447678 0.333494
0.447166 0.333278
0.446654 0.333062
0.446143 0.332846
0.445631 0.332630
0.445119 0.332414
0.444607 0.332198
0.443583 0.331767
0.443071 0.331551
0.442559 0.331335
0.442048 0.331119
0.441536 0.330903
0.441024 0.330687
0.440000 0.330255
0.439488 0.330039
0.438976 0.329823
0.438464 0.329607
0.437952 0.329391
0.437441 0.329175
0.436417 0.328743
0.435905 0.328527
0.435393 0.328312
0.434881 0.328096
0.434369 0.327880
0.433858 0.327664
0.432834 0.327232
0.432322 0.327016
0.431810 0.326800
0.431350 0.326587
0.430891 0.326373
0.430431 0.326160
0.429971 0.325946
0.429512 0.325733
0.429052 0.325519
0.428592 0.325306
0.428133 0.325093
0.427213 0.324666
0.426753 0.324452
0.426294 0.324239
0.425834 0.324025
0.425374 0.323812
0.424915 0.323598
0.424455 0.323385
0.423995 0.323172
0.423536 0.322958
0.423076 0.322745
0.422616 0.322531
0.422157 0.322318
0.421237 0.321891
0.420778 0.321677
0.420318 0.321464
0.419858 0.321251
0.419398 0.321037
0.418939 0.320824
0.418479 0.320610
0.418019 0.320397
0.417560 0.320183
0.417100 0.319970
0.416683 0.319759
0.416266 0.319547
0.415849 0.319336
0.415433 0.319125
0.415016 0.318914
0.414599 0.318703
0.414182 0.318491
0.413765 0.318280
0.413348 0.318069
0.412931 0.317858
0.412514 0.317646
0.412098 0.317435
0.411681 0.317224
0.411264 0.317013
0.410430 0.316590
0.410013 0.316379
0.409596 0.316167
0.409179 0.315956
0.408763 0.315745
0.408346 0.315534
0.407929 0.315322
0.407512 0.315111
0.407095 0.314900
0.406678 0.314689
0.406261 0.314477
0.405844 0.314266
0.405428 0.314055
0.405011 0.313844
0.404594 0.313632
0.404177 0.313421
0.403760 0.313210
0.403377 0.313000
0.402994 0.312791
0.402612 0.312581
0.402229 0.312371
0.402229 0.312371
0.401846 0.312162
0.401463 0.311952
0.401080 0.311742
0.400698 0.311532
0.400315 0.311323
0.399932 0.311113
0.399549 0.310903
0.399166 0.310694
0.398783 0.310484
0.398401 0.310274
0.398018 0.310065
0.397635 0.309855
0.397252 0.309645
0.396869 0.309436
0.396487 0.309226
0.396104 0.309016
0.395721 0.308807
0.395338 0.308597
0.394955 0.308387
0.394955 0.308387
0.394572 0.308177
0.394190 0.307968
0.393807 0.307758
0.393424 0.307548
0.393041 0.307339
0.392658 0.307129
0.392276 0.306919
0.391893 0.306710
0.391510 0.306500
0.391155 0.306292
0.390799 0.306085
0.390444 0.305878
0.390089 0.305670
0.390089 0.305670
0.389733 0.305462
0.389378 0.305255
0.389023 0.305048
0.388668 0.304840
0.388312 0.304632
0.387957 0.304425
0.387602 0.304218
0.387246 0.304010
0.387246 0.304010
0.386891 0.303802
0.386536 0.303595
0.386180 0.303388
0.385825 0.303180
0.385470 0.302972
0.385114 0.302765
0.384759 0.302558
0.384404 0.302350
0.384404 0.302350
0.384048 0.302142
0.383693 0.301935
0.383338 0.301728
0.382983 0.301520
0.382627 0.301312
0.382272 0.301105
0.381917 0.300898
0.381561 0.300690
0.381561 0.300690
0.381206 0.300482
0.380851 0.300275
0.380495 0.300068
0.380140 0.299860
0.379808 0.299655
0.379476 0.299450
0.379476 0.299450
0.379144 0.299245
0.378813 0.299040
0.378481 0.298835
0.378149 0.298630
0.377817 0.298425
0.377817 0.298425
0.377485 0.298220
0.377153 0.298015
0.376821 0.297810
0.376489 0.297605
0.376157 0.297400
0.376157 0.297400
0.375826 0.297195
0.375494 0.296990
0.375162 0.296785
0.374830 0.296580
0.374498 0.296375
0.374498 0.296375
0.374166 0.296170
0.373834 0.295965
0.373503 0.295760
0.373171 0.295555
0.372839 0.295350
0.372839 0.295350
0.372507 0.295145
0.372175 0.294940
0.371843 0.294735
0.371511 0.294530
0.371179 0.294325
0.371179 0.294325
0.370848 0.294120
0.370516 0.293915
0.370184 0.293710
0.369852 0.293505
0.369852 0.293505
0.369520 0.293300
0.369520 0.293300
0.369520 0.293300
0.369520 0.293300
0.369520 0.293300
0.369520 0.293300
