2979.100000 4702.200000
2119.175000 3316.987500
1573.559375 2409.768750
1195.896875 1790.931250
926.842500 1375.259375
9819.378125 1077.650000
8202.900000 859.083750
6760.925000 697.898750
5622.587500 574.428750
4762.543750 479.003125
4088.793750 404.501250
3531.162500 343.481563
3080.787500 294.861250
2697.512500 254.146250
2383.706250 221.558125
2113.075000 193.729063
1873.687500 169.435000
1669.125000 149.460000
1493.834375 132.518750
1340.890625 117.871250
1209.837500 105.483125
1090.200000 94.210000
991.111250 85.024156
898.850937 76.478594
826.415000 69.872500
753.979063 63.266406
693.136875 57.800875
637.123750 52.775750
591.290625 48.706656
544.889375 44.610344
504.071250 41.023000
471.105000 38.161000
435.391562 35.060500
406.660937 32.557094
381.618750 30.371875
354.300000 27.988000
333.547812 26.210469
312.795625 24.432937
292.366250 22.685938
276.728750 21.375313
261.091250 20.064687
245.453750 18.754063
232.077500 17.666187
220.265000 16.709375
207.140000 15.646250
196.335312 14.789438
186.336875 14.012625
176.338438 13.235813
166.340000 12.459000
159.027500 11.898750
150.800938 11.268469
143.488438 10.708219
136.338125 10.161137
130.323125 9.706238
124.308125 9.251338
118.293125 8.796437
112.405406 8.351950
108.033250 8.026800
103.661094 7.701650
99.288938 7.376500
94.292188 7.004900
90.399875 6.719828
86.699500 6.450788
83.527750 6.220181
79.827375 5.951141
76.127000 5.682100
73.106062 5.464772
70.516688 5.278491
67.927312 5.092209
64.906375 4.874881
62.317000 4.688600
60.202562 4.538075
58.088125 4.387550
55.973687 4.237025
53.859250 4.086500
51.744812 3.935975
49.888875 3.804613
48.449969 3.703128
46.723281 3.581347
44.996594 3.459566
43.557688 3.358081
41.831000 3.236300
40.655375 3.154206
39.479750 3.072113
38.304125 2.990019
36.893375 2.891506
35.717750 2.809413
34.542125 2.727319
33.539125 2.657700
32.579281 2.591200
31.619438 2.524700
30.659594 2.458200
29.699750 2.391700
28.739906 2.325200
28.007031 2.274525
27.222188 2.220650
26.437344 2.166775
25.809469 2.123675
25.024625 2.069800
24.396750 2.026700
23.611906 1.972825
23.012719 1.931759
22.371313 1.888056
21.858188 1.853094
21.345062 1.818131
20.703656 1.774428
20.190531 1.739466
19.677406 1.704503
19.164281 1.669541
18.721281 1.639500
18.196750 1.604000
17.777125 1.575600
17.357500 1.547200
16.937875 1.518800
16.518250 1.490400
16.098625 1.462000
15.679000 1.433600
15.421656 1.416284
15.078531 1.393197
14.735406 1.370109
14.392281 1.347022
14.134937 1.329706
13.791812 1.306619
13.448687 1.283531
13.105562 1.260444
12.863812 1.244203
12.583063 1.225416
12.372500 1.211325
12.091750 1.192538
11.881187 1.178447
11.600438 1.159659
11.389875 1.145569
11.109125 1.126781
10.898563 1.112691
10.630575 1.094765
10.458300 1.083261
10.286025 1.071757
10.056325 1.056418
9.884050 1.044914
9.711775 1.033410
9.482075 1.018072
9.309800 1.006568
9.137525 0.995063
8.965250 0.983559
8.756325 0.969624
8.615213 0.960226
8.474100 0.950827
8.332987 0.941429
8.191875 0.932031
8.050762 0.922632
7.909650 0.913234
7.768537 0.903835
7.627425 0.894437
7.486313 0.885038
7.345200 0.875640
7.229644 0.867936
7.114088 0.860231
6.998531 0.852527
6.882975 0.844823
6.767419 0.837118
6.690381 0.831982
6.574825 0.824278
6.459269 0.816573
6.343712 0.808869
6.228156 0.801164
6.112600 0.793460
6.017894 0.787127
5.954756 0.782905
5.860050 0.776573
5.765344 0.770240
5.702206 0.766018
5.607500 0.759685
5.512794 0.753352
5.449656 0.749130
5.354950 0.742798
5.260244 0.736465
5.197106 0.732243
5.102400 0.725910
5.024756 0.720685
4.972994 0.717202
4.895350 0.711978
4.843587 0.708494
4.765944 0.703270
4.714181 0.699787
4.636538 0.694562
4.584775 0.691079
4.507131 0.685854
4.455369 0.682371
4.377725 0.677146
4.325963 0.673663
4.252572 0.668722
4.209316 0.665807
4.166059 0.662891
4.101175 0.658517
4.057919 0.655602
4.014663 0.652686
3.949778 0.648313
3.906522 0.645397
3.841638 0.641024
3.798381 0.638108
3.755125 0.635193
3.690241 0.630819
3.646984 0.627903
3.603728 0.624988
3.546538 0.621102
3.510975 0.618674
3.475413 0.616246
3.439850 0.613818
3.404287 0.611389
3.350944 0.607747
3.315381 0.605319
3.279819 0.602891
3.244256 0.600463
3.208694 0.598035
3.155350 0.594392
3.119788 0.591964
3.084225 0.589536
3.048662 0.587108
3.013100 0.584680
2.984044 0.582652
2.954988 0.580624
2.925931 0.578596
2.882347 0.575553
2.853291 0.573525
2.824234 0.571497
2.795178 0.569469
2.766122 0.567441
2.737066 0.565413
2.708009 0.563385
2.678953 0.561357
2.649897 0.559328
2.620841 0.557300
2.591784 0.555272
2.562728 0.553244
2.536238 0.551378
2.512313 0.549675
2.488388 0.547972
2.464462 0.546269
2.440537 0.544566
2.416612 0.542863
2.392688 0.541160
2.368762 0.539457
2.344837 0.537753
2.320912 0.536050
2.308950 0.535199
2.285025 0.533496
2.261100 0.531793
2.237175 0.530089
2.213250 0.528386
2.189325 0.526683
2.165400 0.524980
2.145694 0.523535
2.125987 0.522090
2.116134 0.521367
2.096428 0.519923
2.076722 0.518477
2.057016 0.517033
2.037309 0.515588
2.027456 0.514865
2.007750 0.513420
1.988044 0.511975
1.968338 0.510530
1.948631 0.509085
1.938778 0.508363
1.919072 0.506917
1.899366 0.505472
1.879659 0.504028
1.859953 0.502582
1.850100 0.501860
1.834013 0.500622
1.817925 0.499385
1.809881 0.498766
1.793794 0.497529
1.777706 0.496291
1.769663 0.495672
1.753575 0.494435
1.737488 0.493197
1.721400 0.491960
1.713356 0.491341
1.697269 0.490104
1.681181 0.488866
1.673137 0.488247
1.657050 0.487010
1.640962 0.485772
1.632919 0.485154
1.616831 0.483916
1.600744 0.482679
1.592700 0.482060
1.579550 0.480991
1.572975 0.480456
1.559825 0.479387
1.546675 0.478317
1.540100 0.477783
1.526950 0.476713
1.520375 0.476178
1.507225 0.475109
1.494075 0.474040
1.487500 0.473505
1.474350 0.472436
1.467775 0.471901
1.454625 0.470832
1.448050 0.470297
1.434900 0.469227
1.421750 0.468158
1.415175 0.467623
1.402025 0.466554
1.395450 0.466019
1.382300 0.464950
1.376919 0.464482
1.366156 0.463546
1.360775 0.463077
1.350013 0.462141
1.344631 0.461673
1.333869 0.460737
1.328488 0.460269
1.317725 0.459332
1.312344 0.458864
1.301581 0.457928
1.296200 0.457460
1.285438 0.456524
1.280056 0.456056
1.269294 0.455119
1.263913 0.454651
1.258531 0.454183
1.247769 0.453247
1.242388 0.452779
1.231625 0.451842
1.226244 0.451374
1.215481 0.450438
1.210100 0.449970
1.201269 0.449143
1.196853 0.448730
1.192438 0.448316
1.183606 0.447489
1.179191 0.447076
1.170359 0.446249
1.165944 0.445836
1.161528 0.445422
1.152697 0.444595
1.148281 0.444182
1.143866 0.443768
1.135034 0.442942
1.130619 0.442528
1.121787 0.441701
1.117372 0.441288
1.112956 0.440874
1.104125 0.440048
1.099709 0.439634
1.090878 0.438807
1.086463 0.438394
1.082047 0.437980
1.073216 0.437153
1.068800 0.436740
1.065169 0.436369
1.057907 0.435626
1.054276 0.435255
1.050645 0.434884
1.047014 0.434512
1.039753 0.433770
1.036122 0.433399
1.032491 0.433028
1.025229 0.432285
1.021598 0.431914
1.017967 0.431543
1.014336 0.431171
1.007074 0.430429
1.003443 0.430057
0.999812 0.429686
0.992550 0.428944
0.988919 0.428573
0.985288 0.428201
0.978027 0.427459
0.974396 0.427088
0.970765 0.426716
0.967134 0.426345
0.959872 0.425602
0.956241 0.425231
0.952610 0.424860
0.949616 0.424523
0.943628 0.423849
0.940634 0.423513
0.937640 0.423176
0.934646 0.422839
0.931652 0.422502
0.925663 0.421828
0.922669 0.421491
0.919675 0.421154
0.916681 0.420818
0.910693 0.420144
0.907699 0.419807
0.904705 0.419470
0.901711 0.419133
0.898717 0.418796
0.892729 0.418123
0.889735 0.417786
0.886741 0.417449
0.883747 0.417112
0.880753 0.416775
0.874764 0.416101
0.871770 0.415764
0.868776 0.415428
0.865782 0.415091
0.862788 0.414754
0.856800 0.414080
0.854325 0.413770
0.851850 0.413460
0.849375 0.413150
0.846900 0.412840
0.844425 0.412530
0.841950 0.412220
0.837000 0.411600
0.834525 0.411290
0.832050 0.410980
0.829575 0.410670
0.827100 0.410360
0.824625 0.410050
0.822150 0.409740
0.819675 0.409430
0.814725 0.408810
0.812250 0.408500
0.809775 0.408190
0.807300 0.407880
0.804825 0.407570
0.802350 0.407260
0.799875 0.406950
0.797400 0.406640
0.792450 0.406020
0.789975 0.405710
0.787500 0.405400
0.785025 0.405090
0.782550 0.404780
0.780075 0.404470
0.777600 0.404160
0.775546 0.403871
0.773491 0.403582
0.769382 0.403004
0.767328 0.402715
0.765274 0.402426
0.763219 0.402137
0.761165 0.401848
0.759111 0.401558
0.757056 0.401269
0.755002 0.400980
0.752947 0.400691
0.750893 0.400402
0.748839 0.400113
0.746784 0.399824
0.744730 0.399535
0.742676 0.399246
0.740621 0.398957
0.738567 0.398668
0.736513 0.398379
0.734458 0.398090
0.730349 0.397512
0.728295 0.397222
0.726241 0.396933
0.724186 0.396644
0.722132 0.396355
0.720078 0.396066
0.718023 0.395777
0.715969 0.395488
0.713914 0.395199
0.711860 0.394910
0.710148 0.394640
0.708435 0.394369
0.706723 0.394099
0.705010 0.393829
0.703298 0.393558
0.701585 0.393288
0.699873 0.393018
0.698160 0.392747
0.696448 0.392477
0.694735 0.392207
0.693023 0.391937
0.691310 0.391666
0.689598 0.391396
0.687885 0.391126
0.686173 0.390855
0.684460 0.390585
0.682748 0.390315
0.681035 0.390044
0.679323 0.389774
0.677610 0.389504
0.675898 0.389233
0.674185 0.388963
0.672473 0.388693
0.670760 0.388423
0.669048 0.388152
0.667335 0.387882
0.665623 0.387612
0.663910 0.387341
0.662197 0.387071
0.660485 0.386801
0.658772 0.386530
0.657060 0.386260
0.655626 0.386002
0.654192 0.385744
0.654192 0.385744
0.652759 0.385487
0.651325 0.385229
0.649891 0.384971
0.648457 0.384713
0.647024 0.384455
0.645590 0.384197
0.644156 0.383940
0.642723 0.383682
0.641289 0.383424
0.639855 0.383166
0.638421 0.382908
0.636988 0.382651
0.636988 0.382651
0.635554 0.382393
0.634120 0.382135
0.632686 0.381877
0.631252 0.381619
0.629819 0.381362
0.628385 0.381104
0.626951 0.380846
0.625517 0.380588
0.624084 0.380330
0.622650 0.380073
0.621216 0.379815
0.619782 0.379557
0.619782 0.379557
0.618349 0.379299
0.616915 0.379041
0.615481 0.378783
0.614047 0.378526
0.612614 0.378268
0.611180 0.378010
0.609972 0.377763
0.608764 0.377516
0.607556 0.377268
0.607556 0.377268
0.606348 0.377021
0.605139 0.376774
0.603931 0.376527
0.602723 0.376280
0.601515 0.376032
0.600307 0.375785
0.599099 0.375538
0.599099 0.375538
0.597891 0.375291
0.596683 0.375044
0.595474 0.374797
0.594266 0.374549
0.593058 0.374302
0.591850 0.374055
0.591850 0.374055
0.590642 0.373808
0.589434 0.373561
0.588226 0.373313
0.587017 0.373066
0.585809 0.372819
0.584601 0.372572
0.583393 0.372325
0.583393 0.372325
0.582185 0.372078
0.580977 0.371830
0.579769 0.371583
0.578561 0.371336
0.577352 0.371089
0.576144 0.370842
0.576144 0.370842
0.574936 0.370594
0.573728 0.370347
0.572520 0.370100
0.572520 0.370100
0.572520 0.370100
0.572520 0.370100
0.572520 0.370100
0.572520 0.370100
0.572520 0.370100
0.572520 0.370100
0.572520 0.370100
0.572520 0.370100
0.572520 0.370100
0.572520 0.370100
0.572520 0.370100
0.572520 0.370100
0.572520 0.370100
0.572520 0.370100
0.572520 0.370100
0.572520 0.370100
0.572520 0.370100
0.572520 0.370100
0.572520 0.370100
0.572520 0.370100
0.572520 0.370100
0.572520 0.370100
0.572520 0.370100
0.572520 0.370100
0.572520 0.370100
0.572520 0.370100
0.572520 0.370100
0.572520 0.370100
0.572520 0.370100
0.572520 0.370100
0.572520 0.370100
0.572520 0.370100
